GOH: [1.02356332e-02, 5.13664702e-01, 5.91491834e+01, 2.74447648e-01, 1.57079633e+00]
MR:  [0.,         0.,         0.14424528]
HGO: [0.012902496702913772,0.01724173170395558,14.00442692847235,2.110210658359853]
Fung:[0.0024147281291801714,-1.74859889140465,-21.453946421295953,49.84357587843394]
Neo Hookean Parameters:  [0.04902344]